no rwyz [[-0.04307249 -0.09037878  0.9949756 ]
 [-0.87471541 -0.47777496 -0.0812652 ]
 [ 0.48271908 -0.87382078 -0.05847675]]
Roll: -1.6199983032907888, Pitch: -0.5037568328292605, Yaw: -1.6376174556649914
no rwyz [[-0.5261289  -0.34272925  0.77828339]
 [-0.7001219  -0.34492593 -0.62518432]
 [ 0.48271908 -0.87382078 -0.05847675]]
Roll: -2.2152451478682043, Pitch: -0.5037568328292595, Yaw: -1.6376174556649916
no rwyz [[-0.82068689 -0.4746531   0.31808404]
 [-0.30570462 -0.10555413 -0.94625737]
 [ 0.48271908 -0.87382078 -0.05847675]]
Roll: -2.785016900899773, Pitch: -0.5037568328292591, Yaw: -1.6376174556649918
no rwyz [[-0.85677656 -0.45736069 -0.23823335]
 [ 0.18142828  0.16510129 -0.96944589]
 [ 0.48271908 -0.87382078 -0.05847675]]
Roll: 2.9329184370721872, Pitch: -0.503756832829259, Yaw: -1.637617455664992
no rwyz [[-0.26680627 -0.21029519  0.94052663]
 [-0.83423729 -0.4382485  -0.33464368]
 [ 0.48255834 -0.87390742 -0.05850864]]
Roll: -1.8803365241603969, Pitch: -0.5035733090427749, Yaw: -1.6376471794446175
no rwyz [[-0.71616473 -0.63119553 -0.29782593]
 [ 0.21268703  0.20905465 -0.95449483]
 [ 0.66473476 -0.74691924 -0.01547047]]
Roll: 2.852908250717158, Pitch: -0.7271387326803834, Yaw: -1.5915057328456805
no rwyz [[-0.79900782 -0.46111923  0.38594762]
 [-0.35448901 -0.15723858 -0.92174485]
 [ 0.48572013 -0.87329553 -0.03782685]]
Roll: -2.724022304759169, Pitch: -0.5071868211484233, Yaw: -1.614084326719371
no rwyz [[ 0.20562753  0.04781149  0.9774617 ]
 [-0.85204229 -0.48257304  0.20284773]
 [ 0.48139511 -0.87454979 -0.05849289]]
Roll: -1.3339895426460442, Pitch: -0.5022456970596615, Yaw: -1.6375802963800135

