[
    {
        "num_marker_seen": 60,
        "stage2_retry": 1,
        "pixel_error": 0.24752890081866985,
        "proj_func": "hand_marker_proj_world_camera",
        "camera_serial_number": "138422075994",
        "intrinsics": {
            "coeffs": [
                0.0,
                0.0,
                0.0,
                0.0,
                0.0
            ],
            "fx": 601.2059326171875,
            "fy": 601.2579345703125,
            "height": 480,
            "model": "inverse_brown_conrady",
            "ppx": 321.4959716796875,
            "ppy": 242.15940856933594,
            "width": 640
        },
        "camera_base_ori": [
            [
                -0.013875705647623304,
                -0.9996231447488719,
                -0.023686140993370127
            ],
            [
                -0.9987822728100881,
                0.014977861975221107,
                -0.04700675665228535
            ],
            [
                0.047343809659727634,
                0.023005045816700917,
                -0.9986137048698437
            ]
        ],
        "camera_base_ori_rotvec": [
            -2.2402899790605657,
            2.272869445573658,
            -0.02690684872689641
        ],
        "camera_base_pos": [
            0.777797669805038,
            0.06224164765833764,
            1.140912199496442
        ],
        "p_marker_ee": [
            0.10452749685184476,
            0.06799493173311517,
            -0.022090622017896674
        ]
    },
    {
        "num_marker_seen": 40,
        "stage2_retry": 1,
        "pixel_error": 0.41785791857201493,
        "proj_func": "hand_marker_proj_world_camera",
        "camera_serial_number": "815412070804",
        "intrinsics": {
            "coeffs": [
                0.0,
                0.0,
                0.0,
                0.0,
                0.0
            ],
            "fx": 620.8348999023438,
            "fy": 621.025146484375,
            "height": 480,
            "model": "inverse_brown_conrady",
            "ppx": 323.5600280761719,
            "ppy": 244.98001098632812,
            "width": 640
        },
        "camera_base_ori": [
            [
                0.13214809101282365,
                0.9700111874998956,
                0.2039979856927711
            ],
            [
                0.8315967711914642,
                -0.22049124015471044,
                0.5097356404637301
            ],
            [
                0.5394290427717051,
                0.10228347442319016,
                -0.8357956680160064
            ]
        ],
        "camera_base_ori_rotvec": [
            -2.139747557642551,
            -1.7615264930772143,
            -0.7268875561923456
        ],
        "camera_base_pos": [
            0.42044002175636097,
            -0.6891193156365729,
            0.9095407574575048
        ],
        "p_marker_ee": [
            0.1044352847549703,
            0.06560939416681409,
            -0.02138230243436092
        ]
    },
    {
        "num_marker_seen": 40,
        "stage2_retry": 1,
        "pixel_error": 0.12329440651454811,
        "proj_func": "hand_marker_proj_world_camera",
        "camera_serial_number": "815412070347",
        "intrinsics": {
            "coeffs": [
                0.0,
                0.0,
                0.0,
                0.0,
                0.0
            ],
            "fx": 617.4797973632812,
            "fy": 617.7137451171875,
            "height": 480,
            "model": "inverse_brown_conrady",
            "ppx": 321.9610595703125,
            "ppy": 238.61851501464844,
            "width": 640
        },
        "camera_base_ori": [
            [
                0.19705141523648195,
                -0.9729264596755396,
                0.12076772671753035
            ],
            [
                -0.8077159006927203,
                -0.23092580748796576,
                -0.5424650174934603
            ],
            [
                0.5556669537784737,
                0.009347486253107162,
                -0.831352428864739
            ]
        ],
        "camera_base_ori_rotvec": [
            2.119609106505146,
            -1.6705245999894731,
            0.6346028821985876
        ],
        "camera_base_pos": [
            0.5242414502377212,
            0.6986738869402219,
            0.9243116772754362
        ],
        "p_marker_ee": [
            0.10337247043021353,
            0.06709631099245,
            -0.025875540994056673
        ]
    },
    {
        "num_marker_seen": 60,
        "stage2_retry": 1,
        "pixel_error": 0.4100993605871268,
        "proj_func": "world_marker_proj_hand_camera",
        "camera_serial_number": "137222072789",
        "intrinsics": {
            "coeffs": [
                0.0,
                0.0,
                0.0,
                0.0,
                0.0
            ],
            "fx": 601.6766967773438,
            "fy": 601.2125854492188,
            "height": 480,
            "model": "inverse_brown_conrady",
            "ppx": 327.0074768066406,
            "ppy": 236.29981994628906,
            "width": 640
        },
        "camera_ee_ori": [
            [
                -0.014261895956048327,
                -0.9998981735745041,
                0.0004907199902537875
            ],
            [
                0.9995585682404626,
                -0.01426984072775749,
                -0.026058401767557388
            ],
            [
                0.026062750829754126,
                0.0001188611560752461,
                0.9996603017481547
            ]
        ],
        "camera_ee_ori_rotvec": [
            0.020750686801591627,
            -0.020270920010970982,
            1.5849671046118536
        ],
        "camera_ee_pos": [
            0.059730170938293664,
            -0.02485528565019612,
            0.029626854618176927
        ],
        "marker_base_pos": [
            0.5797865530201165,
            -0.05123399815135758,
            -0.0009510089095554089
        ]
    }
]